A=[1 2 3; 4 5 6; 7 8 9]
A(1:2, 2:3)
A(1,1)
A(2,2)
B=[2 3 4; 5 6 7; 8 9 1]
A*B
A.*B
x=1:2:10
x+2
3*x
x.^2
x^2
